timestamp,ACWI_Net,USDPLN,A
2001-01-31,0.024829192814244068,-0.011696039763191298,2.0
2001-02-28,-0.08809898261298615,-0.010471299867295591,2.0
2001-03-30,-0.07007879565191819,0.012992628449234616,2.0
2001-04-30,0.06990813807384545,-0.031919849551565585,2.0
2001-05-31,-0.011821812188711265,0.0051861851847468145,2.0
2001-06-29,-0.031410247663163054,0.006133222384973843,2.0
2001-07-31,-0.016094100253011907,0.06026488343779459,2.0
2001-08-31,-0.04740501465999624,-0.003955366083459064,2.0
2001-09-28,-0.09607503528210692,-0.002527371345202064,2.0
2001-10-31,0.020883027697281363,-0.03305947107557734,2.0
2001-11-30,0.05940765850419354,-0.006105429241777686,2.0
2001-12-31,0.009111465448393405,-0.025810455964477834,2.0
2002-01-31,-0.02799243515034979,0.05185846286821209,2.0
2002-02-28,-0.0076755842862415435,0.012265124759260887,2.0
2002-03-29,0.04382179014650241,-0.02550779552034376,2.0
2002-04-30,-0.03256889514638408,-0.031198199856834433,2.0
2002-05-31,0.0007702575539987202,0.006467342599540619,2.0
2002-06-28,-0.0633590664022625,0.008920444711619928,2.0
2002-07-31,-0.08782454049428615,0.029316635269947464,2.0
2002-08-30,0.0022147187991094237,-0.011226328455124437,2.0
2002-09-30,-0.11655319325802435,0.004568370223523321,2.0
2002-10-31,0.07078869840829675,-0.028373473092014826,2.0
2002-11-29,0.05291582619501071,-0.00395262344493713,2.0
2002-12-31,-0.049181253818775666,-0.04762015121560691,2.0
2003-01-31,-0.0298775533329083,-0.0018303051259447646,2.0
2003-02-28,-0.018100708133746812,0.023204217641879805,2.0
2003-03-31,-0.00432387340918709,0.04739253138768622,2.0
2003-04-30,0.08492733662249644,-0.07308610504813758,2.0
2003-05-30,0.055904949599478906,-0.025805654722616665,2.0
2003-06-30,0.018550567206906614,0.0484516557573431,1.0
2003-07-31,0.02163908177859151,-0.008344971932180647,1.0
2003-08-29,0.023114280237431922,0.026442253150361927,1.0
2003-09-30,0.006056377778042758,-0.005860970698224635,1.0
2003-10-31,0.05862537204572051,0.019619786869652416,1.0
2003-11-28,0.01486222784302166,-0.031035668669607344,1.0
2003-12-31,0.061195519006185244,-0.0463418566995681,1.0
2004-01-30,0.016749794637336335,0.035234783269291144,1.0
2004-02-27,0.017935738758873318,0.017824593550592013,1.0
2004-03-31,-0.005732154047082722,-0.016374454756445958,1.0
2004-04-30,-0.023767213975482097,0.038205039833936284,1.0
2004-05-31,0.007734809478068764,-0.05086079960678742,1.0
2004-06-30,0.01959756471539197,-0.03233132054537213,1.0
2004-07-30,-0.03252966912098642,-0.01678647400750051,1.0
2004-08-31,0.0060755891442827925,0.0053804895367396,1.0
2004-09-30,0.020548415109178028,-0.0400796484331702,1.0
2004-10-29,0.024150840279005156,-0.036242052690245,1.0
2004-11-30,0.05306882219547414,-0.07104864427168686,1.0
2004-12-31,0.03795959089677406,-0.049656628715259554,1.0
2005-01-31,-0.021438909255443263,0.03640336496287989,1.0
2005-02-28,0.03406236965934716,-0.05695041810500205,1.0
2005-03-31,-0.022279021101105856,0.06778967947810041,1.0
2005-04-29,-0.02231154390169367,0.050900467996652925,1.0
2005-05-31,0.018502956348379892,0.01574269007385219,1.0
2005-06-30,0.010057326885080639,-0.005399532829786399,1.0
2005-07-29,0.03631376453416281,0.0029867708353986987,1.0
2005-08-31,0.007563538730081143,-0.024881261799219356,1.0
2005-09-30,0.02965047367892018,-0.010387947613381444,1.0
2005-10-31,-0.027307130531408284,0.021546300569021185,1.0
2005-11-30,0.03576492578590785,0.001782289353635167,1.0
2005-12-30,0.02429647023100496,-0.020921775628256686,1.0
2006-01-31,0.048052636969507644,-0.030986455056495808,1.0
2006-02-28,-0.0014674004761694715,0.0076636007474453205,1.0
2006-03-31,0.02081192606235763,0.020390708193728124,1.0
2006-04-28,0.0327410912803626,-0.05231547314947788,1.0
2006-05-31,-0.04021900297659452,-0.0012058206743851935,1.0
2006-06-30,-0.00043165512589204535,0.039639530864607996,1.0
2006-07-31,0.006801995057483012,-0.031649621848698135,1.0
2006-08-31,0.025595761452086262,-0.003694705223886482,1.0
2006-09-29,0.01158650910927773,0.01540127745604657,1.0
2006-10-31,0.03681882220632289,-0.03219848982935696,1.0
2006-11-30,0.027883900234884972,-0.05163223766994145,1.0
2006-12-29,0.02206637269715294,0.008896024330524334,1.0
2007-01-31,0.009898505870472299,0.035910926754677684,1.0
2007-02-28,-0.005278374961385176,-0.013016965072502903,1.0
2007-03-30,0.01985400770829681,-0.028561657252087685,1.0
2007-04-30,0.04343624831809665,-0.040130532888672965,1.0
2007-05-31,0.029299418136300593,0.02275581464095916,1.0
2007-06-29,-0.0029481766748950954,-0.017969136195566462,1.0
2007-07-31,-0.015387807348997055,-0.006664409831620028,1.0
2007-08-31,-0.002770966756662242,0.014069068871843294,1.0
2007-09-28,0.052291445570123316,-0.05735340017579809,1.0
2007-10-31,0.038270533583990206,-0.05488532018000559,1.0
2007-11-30,-0.04522091787719345,-0.020625932626198704,2.0
2007-12-31,-0.011131179040400906,-0.004201258397434295,2.0
2008-01-31,-0.0854551346230536,-0.0062734691265948946,2.0
2008-02-29,0.00282613761314017,-0.05014226244266136,2.0
2008-03-31,-0.01478261042941661,-0.03776694186531505,2.0
2008-04-30,0.054287805341337154,-0.005133065437854884,2.0
2008-05-30,0.015508127513995454,-0.021260894818670436,2.0
2008-06-30,-0.08568152585806213,-0.01828851084572867,2.0
2008-07-31,-0.02631148477740016,-0.0329416839439397,2.0
2008-08-29,-0.021789503865511154,0.09877673894220924,2.0
2008-09-30,-0.13350979020454543,0.06052632773598729,2.0
2008-10-31,-0.22083424428721973,0.1309723493664157,2.0
2008-11-28,-0.06795434371392872,0.0760408105292215,2.0
2008-12-31,0.03560122598277174,-0.011336647022222725,2.0
2009-01-30,-0.0893111237399209,0.16649630685637917,2.0
2009-02-27,-0.10304277721326208,0.052807735125805916,2.0
2009-03-31,0.07915362697531064,-0.040408693038270514,2.0
2009-04-30,0.11158240470648902,-0.049110372521067126,2.0
2009-05-29,0.09498148507506081,-0.046717884488347544,2.0
2009-06-30,-0.005622949137396033,-0.0065359709797854215,2.0
2009-07-31,0.0843670065684394,-0.0869311325880666,2.0
2009-08-31,0.03513989556972694,-0.019200312077350293,2.0
2009-09-30,0.04485608822430893,0.005767532634905568,2.0
2009-10-30,-0.01557398276575396,0.005838417974612444,2.0
2009-11-30,0.04030437150770265,-0.037745658956336095,2.0
2009-12-31,0.020497049135404906,0.028800401696331166,2.0
2010-01-29,-0.04417815256298672,0.01619566880355451,2.0
2010-02-26,0.012657936663287316,-0.0021006602418029586,2.0
2010-03-31,0.062348547427965306,-0.01794830789638785,2.0
2010-04-30,0.0016809850324710687,0.03635886973956769,2.0
2010-05-31,-0.09960553523926838,0.11418530644229238,2.0
2010-06-30,-0.03129184764075002,0.017241290326251393,2.0
2010-07-30,0.07822687304305917,-0.09402602382683645,2.0
2010-08-31,-0.035584062328845305,0.025270534021068488,2.0
2010-09-30,0.09136254301273886,-0.07667879983319835,2.0
2010-10-29,0.03550323079998997,-0.023404658723783944,2.0
2010-11-30,-0.022501480767663066,0.0802751093294982,2.0
2010-12-31,0.07067160053166428,-0.04178032350586844,2.0
2011-01-31,0.01557108341904179,-0.030969242335362693,2.0
2011-02-28,0.028703242691159758,0.0005229305144527627,2.0
2011-03-31,-0.000999169854630986,-0.010722272387122136,2.0
2011-04-29,0.0400976797218525,-0.0676952869241814,2.0
2011-05-31,-0.0217299703738245,0.03565789942696193,2.0
2011-06-30,-0.01588229566814994,-0.0025860042456782206,2.0
2011-07-29,-0.01641507870885841,0.014626283477758826,2.0
2011-08-31,-0.07585491696018039,0.029114859745746242,2.0
2011-09-30,-0.09917135293408919,0.13699880852027252,2.0
2011-10-31,0.10178314434172889,-0.04772382678484233,2.0
2011-11-30,-0.030391768700819242,0.06606189646557435,2.0
2011-12-30,-0.0020224971888360703,0.028955088221106783,2.0
2012-01-31,0.05651906371536071,-0.06170307091522381,2.0
2012-02-29,0.04908870383621706,-0.04872531542909611,2.0
2012-03-30,0.006619866568830597,0.006399297879553266,2.0
2012-04-30,-0.011501575205373973,0.016265197448806525,2.0
2012-05-31,-0.09393494943197835,0.11782177534854833,2.0
2012-06-29,0.04820796641670274,-0.06245583202810347,1.0
2012-07-31,0.013597014832653085,0.00263560007607809,1.0
2012-08-31,0.02151034682519975,-0.0085912213612,1.0
2012-09-28,0.031010369091616034,-0.03715569138047222,1.0
2012-10-31,-0.006687596421078149,-0.0019431478831737465,1.0
2012-11-30,0.01270637352353521,-0.01050168121262328,1.0
2012-12-31,0.022397945743127937,-0.01946346533992613,1.0
2013-01-31,0.04503882030954201,-0.0019090458953448278,1.0
2013-02-28,-0.00015564650403905982,0.026211306868587626,1.0
2013-03-29,0.018119020784991037,0.02707830938583352,1.0
2013-04-30,0.028166868574133117,-0.030333222275458874,1.0
2013-05-31,-0.002747046709205709,0.04160034502608637,1.0
2013-06-28,-0.029664585591306414,0.010751168093880133,1.0
2013-07-31,0.04676192503311408,-0.03898884553063358,1.0
2013-08-30,-0.02105445669593478,0.009109484871783428,1.0
2013-09-30,0.050361415793215424,-0.03531019890797423,1.0
2013-10-31,0.039405795592266285,-0.014109980150337728,1.0
2013-11-29,0.014062873019592671,0.005771366775124608,1.0
2013-12-31,0.01710453937081443,-0.02457946390479605,1.0
2014-01-31,-0.04082239415341512,0.04264934973418957,1.0
2014-02-28,0.047177055782833835,-0.04523718834372144,1.0
2014-03-31,0.004436401537620211,0.0032503096506529923,1.0
2014-04-30,0.009474749121397764,0.002513395066097014,1.0
2014-05-30,0.02104594952247038,0.0014852223137143603,1.0
2014-06-30,0.018652733448792768,0.0002308364533983891,1.0
2014-07-31,-0.012201477132833777,0.027480957324585855,1.0
2014-08-29,0.02184732526057499,0.026464777717740095,1.0
2014-09-30,-0.03296336156267636,0.032276730645159644,1.0
2014-10-31,0.007015469191573619,0.020568047874626655,1.0
2014-11-28,0.016588144395806883,-0.004276302768935148,1.0
2014-12-31,-0.019484930632107652,0.05246515674159185,1.0
2015-01-30,-0.0157582110133685,0.044623637456162206,1.0
2015-02-27,0.05417702126272767,0.0006479481868165518,1.0
2015-03-31,-0.015615917892959299,0.023591377937199603,1.0
2015-04-30,0.028601516407922703,-0.051312023921633164,1.0
2015-05-29,-0.0013056605953397002,0.03808454597178965,1.0
2015-06-30,-0.023823500028518324,0.00471933414340431,1.0
2015-07-31,0.00864650189383463,0.0029969588324188176,1.0
2015-08-31,-0.07101382830556165,0.0002650200105618396,2.0
2015-09-30,-0.03690158509936394,0.00708965336460924,2.0
2015-10-30,0.07555734517797941,0.01616842712027616,2.0
2015-11-30,-0.008291878672520398,0.044366887098522004,2.0
2015-12-31,-0.018198675955657564,-0.028200950148902896,2.0
2016-01-29,-0.06220588461806113,0.03858071564046151,2.0
2016-02-29,-0.006902708537869446,-0.02040300945224711,2.0
2016-03-31,0.07149028715247671,-0.06977204292879716,2.0
2016-04-29,0.014653457138668207,0.02449534628201596,1.0
2016-05-31,0.0012595653445401978,0.03103970692021592,1.0
2016-06-30,-0.00607194531631983,-0.0006904096789453402,1.0
2016-07-29,0.04219108889378825,-0.01069859274396552,1.0
2016-08-31,0.0033586758646596986,0.003507323749156903,1.0
2016-09-30,0.006108067743191705,-0.02233389011090046,1.0
2016-10-31,-0.01711962766695412,0.026244282890906388,1.0
2016-11-30,0.007570623753306254,0.0687151563419203,1.0
2016-12-30,0.02137247525329046,-0.004572052225953322,1.0
2017-01-31,0.02697760381439195,-0.044682348684716995,1.0
2017-02-28,0.027666925357169556,0.017246739150498097,1.0
2017-03-31,0.012155918438764061,-0.026538834743410067,1.0
2017-04-28,0.015466700954508627,-0.02201561240321494,1.0
2017-05-31,0.02184213317615575,-0.042082713619464626,1.0
2017-06-30,0.004536730721908661,-0.003755018055765687,1.0
2017-07-31,0.02756149866917295,-0.030322331092778907,1.0
2017-08-31,0.003824686870303647,-0.008809866520030069,1.0
2017-09-29,0.01913522250041569,0.023785918469019136,1.0
2017-10-31,0.02055301758021866,-0.0028294539866387473,1.0
2017-11-30,0.01917369993309929,-0.028987051885521968,1.0
2017-12-29,0.015993813374016026,-0.015495566676095416,1.0
2018-01-31,0.054880564539076686,-0.03951670420099476,1.0
2018-02-28,-0.04290434505394012,0.023441515893959774,1.0
2018-03-30,-0.02163777256981183,-0.0012855537685625361,1.0
2018-04-30,0.00950308164546425,0.02560742091239015,1.0
2018-05-31,0.0012465020850731586,0.0509133603170742,1.0
2018-06-29,-0.005427694911161541,0.014299594298815197,1.0
2018-07-31,0.02971189337550312,-0.023435407240996558,1.0
2018-08-31,0.007822643583582043,0.012933643420621041,1.0
2018-09-28,0.004344377542508877,-0.0054132346264676775,1.0
2018-10-31,-0.07789544186428103,0.04002373757395929,2.0
2018-11-30,0.014519310470844616,-0.012026557443421975,2.0
2018-12-31,-0.07303719729328956,-0.013308357891094608,2.0
2019-01-31,0.07599661455435927,-0.004661950651459611,2.0
2019-02-28,0.026397171672860084,0.01634151685386075,2.0
2019-03-29,0.012494168360963634,0.013762196623060078,2.0
2019-04-30,0.033209844747165,-0.004151984029672433,2.0
2019-05-31,-0.06115192273330458,0.002916025300415508,2.0
2019-06-28,0.06342699390262761,-0.026199209129746548,2.0
2019-07-31,0.0029241395741540907,0.0371856502944021,2.0
2019-08-30,-0.024006123316009823,0.026826263118163676,2.0
2019-09-30,0.020819618991107604,0.00754605337498561,2.0
2019-10-31,0.027001639576323695,-0.048055001012422334,2.0
2019-11-29,0.02411965941073831,0.024245914458491724,2.0
2019-12-31,0.03460734888703506,-0.03175364057660415,2.0
2020-01-31,-0.011105921645921108,0.021012332563874338,2.0
2020-02-28,-0.08422026808368517,0.01206059466659652,2.0
2020-03-31,-0.14502993984931942,0.05235919013519336,2.0
2020-04-30,0.1017689770402814,0.004177932618125249,2.0
2020-05-29,0.042571122126140094,-0.034912913198719364,2.0
2020-06-30,0.031453378562598916,-0.012106661085586915,2.0
2020-07-31,0.051535122739710226,-0.05558507928134837,2.0
2020-08-31,0.0594070997274114,-0.01671379601570982,2.0
2020-09-30,-0.03277503113545329,0.04784904241875647,2.0
2020-10-30,-0.024610165093826623,0.0234313471495185,2.0
2020-11-30,0.11623789596056264,-0.05209156921912976,2.0
2020-12-31,0.04538311128382679,-0.0052078582592134,1.0
2021-01-29,-0.004556252506191934,-0.002831617307146748,1.0
2021-02-26,0.02289686339870027,0.00603966154912584,1.0
2021-03-31,0.02636076722226032,0.05283643665989967,1.0
2021-04-30,0.042793846263503375,-0.040928754516921684,1.0
2021-05-31,0.015440750297527051,-0.03442755142162504,1.0
2021-06-30,0.01309193468347565,0.03957584895551585,1.0
2021-07-30,0.006867605135897596,0.010908392461162876,1.0
2021-08-31,0.024721420085576495,-0.005778632596151753,1.0
2021-09-30,-0.042188136510164446,0.03842820587100814,2.0
2021-10-29,0.04978512293030853,0.0025039466530029438,2.0
2021-11-30,-0.024376887812814604,0.02949287008182,2.0
2021-12-31,0.039222679662543725,-0.01867629567673571,2.0
2022-01-31,-0.05035960911884456,0.01087248608271364,2.0
2022-02-28,-0.02616811115425403,0.027243090410289654,2.0
2022-03-31,0.021429090519566485,0.002042852932611773,2.0
2022-04-29,-0.08342854433258658,0.05369491834678212,2.0
2022-05-31,0.0011714032078628165,-0.036741758084354294,2.0
2022-06-30,-0.08806196111370213,0.04889941711351706,2.0
2022-07-29,0.0675020272675955,0.03336825452710926,2.0
2022-08-31,-0.03751143430279318,0.013587235387994542,2.0
2022-09-30,-0.10062745898808337,0.053111512450780884,2.0
2022-10-31,0.05859800952990204,-0.03801191466373298,2.0
2022-11-30,0.07470099720048387,-0.061664996025661924,2.0
2022-12-30,-0.04014359846259281,-0.024064828854304804,2.0
2023-01-31,0.06922270475328578,-0.01034252611772918,2.0
2023-02-28,-0.02907910629069297,0.025306562868886908,2.0
2023-03-31,0.030368106118859595,-0.030157719847851525,2.0
2023-04-28,0.014269540136107853,-0.035932489765305275,2.0
2023-05-31,-0.010769259172343849,0.01867371216712381,2.0
2023-06-30,0.056438527902452455,-0.04224099439753685,2.0
2023-07-31,0.03595428242726668,-0.015144669184612453,2.0
2023-08-31,-0.028342175756139763,0.02932878445931936,2.0
2023-09-29,-0.042229009363450275,0.057633265023440884,2.0
2023-10-31,-0.03052903783520568,-0.036115913585369225,2.0
2023-11-30,0.08828325719958667,-0.05258343003072125,2.0
2023-12-29,0.04691542788817308,-0.015844147681231192,2.0
2024-01-31,0.005844538709335527,0.01750651299690338,2.0
2024-02-29,0.04201838824454989,-0.0025258854023695503,2.0
2024-03-29,0.030914096163373303,-0.0010773163340895972,2.0
